:Arabidopsis_lyrata_negative
:centroid_mass	total_ion_count
59.0235	1.088e2
60.0214	2.540e1
61.0679	2.700e0
61.0862	8.264e0
61.1045	1.829e0
61.1265	9.930e0
61.1522	3.879e0
61.1998	2.401e1
61.2401	2.200e1
61.2805	4.353e1
61.3135	3.577e1
61.3686	4.202e1
61.4016	3.283e1
61.4273	5.545e1
61.5375	2.440e3
61.5559	9.241e2
61.5890	1.204e3
61.6074	1.969e3
61.6626	1.101e3
61.6847	1.105e3
61.7252	8.676e2
61.7473	1.466e3
61.7767	6.684e2
61.7952	1.120e3
61.8283	1.357e3
61.8467	1.157e3
61.8799	1.590e3
61.8983	8.956e2
61.9168	2.695e3
61.9942	2.699e5
62.1013	5.047e2
62.1419	3.185e2
62.1863	7.106e2
62.2343	6.929e2
62.2528	2.681e2
62.2750	3.559e2
62.2935	2.903e2
62.3416	7.930e2
62.3638	1.966e2
62.3860	1.044e3
62.4563	1.047e3
62.5082	3.989e2
62.5304	3.280e2
62.5527	3.166e2
62.5786	3.346e2
62.6046	2.659e2
62.6231	1.886e2
62.6416	2.563e2
62.6639	2.571e2
62.6862	2.859e2
62.7233	3.208e2
62.7678	3.441e2
62.8235	3.809e2
62.8570	1.690e2
62.8792	1.956e2
62.9238	3.247e2
62.9648	9.264e1
62.9945	1.910e3
63.0577	8.381e1
63.0912	2.109e2
63.1136	1.016e2
63.1359	1.135e2
63.1583	2.863e2
63.2253	9.403e1
63.2514	1.817e2
63.2887	4.267e1
63.3111	1.304e2
63.3297	8.716e1
63.3521	1.075e2
63.3745	1.904e2
63.4230	1.109e2
63.4416	5.486e1
63.4640	1.053e2
63.5126	1.905e2
63.5499	1.147e2
63.5873	1.048e2
63.6359	2.259e2
63.6995	1.597e2
63.7294	1.034e2
63.7630	4.693e1
63.7892	1.257e2
63.8342	6.387e1
63.8566	6.476e1
63.8903	9.414e1
63.9166	9.741e1
63.9653	6.531e1
63.9990	2.399e3
64.0665	6.852e1
64.1265	8.893e1
64.1491	3.570e1
64.1754	6.535e1
64.1979	1.965e1
64.2167	3.378e1
64.2429	5.008e1
64.2655	4.856e1
64.2880	5.075e1
64.3143	5.052e1
64.3594	1.127e2
64.4083	3.526e1
64.4422	3.493e1
64.4685	3.104e1
64.4986	2.288e1
64.5287	4.750e1
64.5739	4.464e1
64.6116	4.311e1
64.6530	5.449e1
64.6756	2.673e1
64.6982	1.017e1
64.7171	1.283e1
64.7359	3.037e1
64.7548	8.054e0
64.7774	1.246e1
64.7963	2.173e1
64.8265	2.536e1
64.8529	2.251e1
64.8793	2.421e1
64.8982	2.376e1
64.9661	6.809e1
65.0001	5.230e1
65.0682	2.317e1
65.0984	3.603e1
65.1362	2.559e1
65.1930	4.860e1
65.2422	1.002e1
65.2763	3.911e1
65.3293	1.405e1
65.3482	1.004e1
65.3672	1.868e1
65.4013	6.043e0
65.4202	1.490e1
65.4468	1.493e1
65.4885	1.853e1
65.5226	2.616e1
65.5454	1.841e1
65.5643	1.134e1
65.5985	1.208e1
65.6213	8.447e0
65.6403	2.037e1
65.6706	3.816e0
65.6934	1.204e1
65.7200	1.585e1
65.7542	8.333e0
65.7808	1.455e1
65.8150	1.207e1
65.8378	6.997e0
65.8568	1.226e1
65.8835	9.107e0
65.9025	8.440e0
65.9215	1.218e1
65.9444	1.418e1
65.9672	2.003e1
66.0052	1.969e1
66.0433	8.142e0
66.0624	3.328e1
66.1081	7.422e0
66.1348	8.284e0
66.1538	1.291e1
66.1958	1.776e1
66.2186	7.545e0
66.3026	2.156e1
66.3484	1.527e1
66.3751	6.613e0
66.4400	1.651e1
66.4706	6.324e0
66.5050	8.903e0
66.5279	9.529e0
66.6082	1.528e1
66.6503	1.097e1
66.6771	3.780e0
66.7038	1.134e1
66.7230	3.241e1
66.8225	1.464e1
66.8417	6.536e0
66.8877	7.184e0
66.9375	5.002e0
66.9567	4.903e0
67.0219	3.946e1
67.1102	1.464e1
67.1447	3.325e0
67.1755	1.018e1
67.2254	5.269e0
67.2485	2.608e0
67.3330	1.997e1
67.4561	6.296e0
67.4792	4.740e0
67.4985	7.208e0
67.5909	8.476e0
67.6526	3.359e0
67.6719	4.313e0
67.7066	8.846e0
67.7644	9.335e-1
67.8068	7.420e0
67.8532	9.264e0
67.8763	1.051e1
67.9690	3.050e1
67.9922	6.885e0
68.0193	3.105e1
68.1391	1.920e1
68.2823	1.449e1
68.9033	4.487e0
69.0123	7.054e1
69.0435	3.091e1
69.3944	3.791e0
69.9420	5.929e0
69.9655	1.083e1
70.0126	3.052e0
70.0361	1.699e1
70.0675	7.376e0
70.1302	1.090e1
70.2441	2.550e0
70.4288	6.935e1
70.4603	6.462e1
70.4918	1.170e2
70.5154	9.095e1
70.5351	1.039e2
70.5784	1.447e2
70.5981	4.939e1
70.6217	1.038e2
70.6690	1.326e2
70.7123	9.662e1
70.7438	1.056e2
70.7793	1.603e2
70.8306	1.042e2
70.8819	1.862e2
70.9055	9.789e1
70.9292	2.653e2
70.9687	3.939e1
71.0200	2.902e4
71.0951	3.261e1
71.1227	3.088e1
71.1504	2.538e1
71.1702	3.510e1
71.2018	3.183e1
71.2216	2.522e1
71.2532	4.504e1
71.3007	7.132e1
71.3284	4.638e1
71.3640	5.577e1
71.3838	6.732e1
71.4353	6.292e1
71.4551	3.377e1
71.4789	2.993e1
71.5106	8.186e1
71.5344	1.405e1
71.5542	7.225e1
71.6176	6.636e1
71.6454	1.527e1
71.6692	7.984e1
71.7208	1.304e1
71.7446	2.936e1
71.7883	1.826e1
71.8081	3.335e1
71.8479	3.035e1
71.8955	3.291e1
71.9392	1.675e1
71.9711	4.257e1
72.0228	1.218e3
72.1063	1.358e1
72.1342	2.867e1
72.1660	5.034e0
72.1899	1.201e1
72.2257	9.041e0
72.2616	1.121e1
72.2815	1.796e1
72.3014	4.749e0
72.3413	1.733e1
72.3692	1.552e1
72.4130	3.943e1
72.4370	1.908e1
72.4609	2.729e1
72.4888	3.122e1
72.5407	5.045e1
72.6126	3.050e1
72.6405	2.532e1
72.6605	1.611e1
72.7085	7.568e0
72.7284	1.212e1
72.7564	2.154e1
72.7964	1.777e1
72.8284	2.149e1
72.8804	3.330e1
72.9164	3.238e1
72.9484	3.726e1
73.0005	3.010e3
73.0365	1.854e3
73.0926	7.447e0
73.1287	1.219e1
73.1527	3.462e0
73.2168	1.568e1
73.2409	8.189e0
73.3211	9.474e0
73.4536	4.065e1
73.4818	1.304e1
73.5420	3.047e1
73.5943	1.330e1
73.7351	7.740e0
73.7713	2.477e0
73.8196	1.315e1
73.8679	1.417e1
73.9727	3.226e1
74.0049	7.303e1
74.0291	1.148e3
74.0896	2.667e0
74.8256	1.092e1
75.0163	1.173e3
75.5245	6.651e0
76.0222	2.175e1
77.9963	1.557e1
78.6391	4.937e0
78.7680	4.288e0
78.9303	2.498e1
78.9636	1.397e3
79.9663	1.413e1
80.9204	3.498e1
80.9795	3.275e2
82.9781	2.138e2
83.0208	1.395e2
83.0592	2.067e1
84.0531	6.512e1
84.0789	2.044e0
84.5221	6.573e0
84.7032	2.702e0
84.8456	7.803e0
84.8758	3.486e0
84.8974	6.512e0
84.9190	6.834e0
84.9535	5.267e1
85.0356	2.732e3
86.0064	1.871e1
86.0325	1.603e2
86.0977	3.283e0
86.2848	3.292e1
86.3589	2.264e1
86.4155	1.361e1
86.4503	1.427e1
86.4809	9.384e0
86.5114	1.027e1
86.5332	8.815e0
86.5593	1.360e1
86.5898	1.693e1
86.6116	8.814e0
86.6422	1.594e1
86.6640	1.294e1
86.7251	7.706e0
86.7469	1.016e1
86.8386	1.883e1
86.8648	1.870e1
86.8910	1.814e1
86.9303	4.862e1
86.9609	3.137e1
87.0134	7.888e3
87.3153	1.804e1
87.3854	2.238e1
87.4336	1.937e1
87.4730	5.553e1
87.6836	1.591e1
87.7318	1.226e1
87.7889	5.567e0
87.8109	1.180e1
87.8548	1.936e1
87.8987	8.682e0
87.9251	6.791e0
87.9515	1.201e1
88.0174	3.301e2
88.0482	2.681e3
88.1978	5.451e0
88.2946	2.168e1
88.3255	1.723e1
88.3563	9.891e0
88.3960	4.890e1
88.4532	4.111e1
88.5017	9.000e0
88.5238	2.444e0
88.5458	1.100e1
88.5723	1.089e1
88.5944	1.489e1
88.6164	7.110e0
88.6385	2.066e1
88.6914	2.610e1
88.7268	1.766e1
88.7665	9.439e0
88.7974	6.772e0
88.8371	1.944e1
88.8681	1.766e1
88.9255	6.609e1
88.9520	2.210e1
89.0316	6.938e3
89.1953	6.100e0
89.3060	1.242e1
89.3370	4.649e0
89.3592	2.871e0
89.4079	1.830e1
89.5675	8.089e0
89.6030	3.759e0
89.6918	1.260e1
89.9627	6.288e0
90.0338	2.261e2
90.5861	2.526e0
90.6084	2.748e0
91.0104	1.035e3
92.9883	1.288e1
93.0380	2.027e2
95.0012	5.001e1
95.0286	4.914e1
95.9538	4.970e1
96.0135	1.825e1
96.0502	4.648e1
96.1099	2.783e0
96.1605	1.817e2
96.2157	1.170e2
96.2524	1.642e2
96.2800	7.556e1
96.3352	2.599e2
96.3628	6.569e1
96.3858	1.674e2
96.4180	1.213e2
96.4595	1.378e2
96.5009	1.910e2
96.5515	1.013e2
96.5930	9.339e1
96.6252	2.350e2
96.6759	1.833e2
96.7128	1.495e2
96.7405	1.863e2
96.7681	3.443e2
96.8281	1.123e2
96.8511	1.827e2
96.8834	2.170e2
96.9711	4.592e4
97.0819	4.230e1
97.1050	3.185e1
97.1419	6.578e1
97.1650	3.588e1
97.1881	6.897e1
97.2343	5.531e1
97.2852	5.486e1
97.3175	3.729e1
97.3453	7.666e1
97.3869	1.550e2
97.4470	8.330e1
97.4794	5.835e1
97.5026	3.343e1
97.5350	1.043e2
97.5905	3.640e1
97.6137	7.527e1
97.6600	4.465e1
97.6970	5.454e1
97.7295	3.659e1
97.7665	7.963e1
97.8407	4.423e1
97.8732	4.885e1
97.9659	3.453e2
98.0309	1.391e2
98.0912	3.800e1
98.1330	1.242e1
98.1562	1.706e1
98.2026	4.339e1
98.2444	4.619e1
98.3048	3.186e1
98.3653	5.746e1
98.4025	3.608e1
98.4397	2.158e1
98.5048	3.707e1
98.5280	6.132e1
98.5932	1.494e1
98.6257	2.629e1
98.6490	1.205e1
98.6816	1.807e1
98.7095	8.075e0
98.7328	1.491e1
98.7701	3.789e1
98.8307	2.587e1
98.8586	2.538e1
98.8819	2.590e1
98.9145	2.787e1
98.9612	1.550e3
99.0125	2.865e3
99.1478	1.112e1
99.1757	1.015e1
99.2038	9.500e0
99.2458	1.406e1
99.3485	1.403e1
99.4466	4.537e0
99.4700	1.787e1
99.5308	4.250e0
99.5588	8.232e0
99.5822	7.967e0
99.6243	1.102e1
99.6945	1.866e1
99.7273	8.519e0
99.9708	1.278e1
100.0177	1.909e2
100.0552	2.879e1
100.1630	6.920e0
100.4259	1.193e1
100.7502	8.090e0
100.9338	1.230e0
100.9620	3.694e1
101.0280	2.032e3
101.3108	1.281e1
101.6886	8.947e0
101.8919	5.867e0
102.0623	2.359e3
102.3039	1.045e1
102.8593	1.144e0
102.9497	1.158e1
103.0115	1.269e3
103.3638	3.741e0
103.3972	9.429e0
103.6308	1.888e1
103.9221	4.555e0
104.0415	2.308e3
104.9615	6.926e1
105.0335	1.781e2
106.0447	7.107e0
106.9637	2.957e1
107.0413	1.146e2
108.9065	3.045e1
109.0484	4.748e2
110.0344	3.373e1
110.0590	9.489e1
110.1033	8.279e1
110.1328	4.541e1
110.2066	1.796e2
110.2656	1.463e2
110.3148	1.006e2
110.3493	7.301e1
110.3838	1.044e2
110.4478	1.263e2
110.4774	1.029e2
110.5217	3.929e1
110.5513	6.834e1
110.5759	4.940e1
110.6104	6.328e1
110.6400	1.596e2
110.8175	4.222e2
110.8570	1.890e2
110.9064	2.429e2
111.0150	3.304e4
111.1138	1.303e1
111.1484	7.231e1
111.2027	3.142e1
111.2472	2.050e1
111.2719	2.811e1
111.3016	2.733e1
111.3510	7.250e1
111.3906	5.858e1
111.4401	8.583e1
111.4846	4.621e1
111.5193	2.968e1
111.5440	8.300e1
111.5985	3.350e1
111.6232	4.366e1
111.6629	7.784e1
111.6926	2.890e1
111.7223	3.443e1
111.7520	5.674e1
111.7867	3.299e1
111.8115	1.214e1
111.8363	4.745e1
111.8710	1.689e1
111.9007	4.296e1
111.9354	3.027e1
111.9602	3.758e1
112.0197	1.916e3
112.1140	2.462e1
112.1587	1.271e1
112.1835	3.596e1
112.2083	1.829e1
112.2977	3.011e1
112.3474	4.966e1
112.4120	1.966e1
112.4368	2.406e1
112.5213	3.372e1
112.5611	1.177e1
112.5909	2.195e1
112.6208	7.883e0
112.6556	1.639e1
112.7004	1.249e1
112.7551	8.189e0
112.7900	1.798e1
112.8298	2.056e1
112.8597	1.294e1
112.9095	1.789e1
112.9393	1.974e1
112.9942	9.836e2
113.0290	1.572e3
113.1237	1.460e1
113.1736	7.556e0
113.2085	1.207e1
113.2334	3.079e1
113.2833	3.234e1
113.3232	3.679e0
113.3531	2.690e1
113.4031	2.834e1
113.4430	2.779e1
113.5229	1.678e1
113.5528	3.789e0
113.5778	2.745e1
113.6378	4.290e1
113.7027	2.478e1
113.7377	1.528e1
113.7677	2.565e1
113.7927	1.568e1
113.8777	7.973e1
113.9227	3.503e1
113.9478	1.467e1
114.0278	9.646e2
114.0629	2.475e3
114.1430	5.301e2
114.1780	4.713e2
114.2031	3.409e2
114.2281	1.654e2
114.2582	6.865e2
114.3283	1.067e3
114.3834	5.619e2
114.4336	3.708e2
114.4737	3.763e2
114.5038	6.580e2
114.5841	4.539e2
114.6142	4.876e2
114.6593	7.445e2
114.7145	6.116e2
114.7597	5.417e2
114.7848	6.466e2
114.8300	4.327e2
114.8752	1.446e3
114.9406	6.820e2
115.0109	1.597e5
115.1215	1.848e2
115.1567	4.862e2
115.2724	4.847e2
115.3077	2.656e2
115.3580	1.972e2
115.3882	2.528e2
115.4184	2.142e2
115.4537	2.779e2
115.4839	3.305e2
115.5393	5.371e2
115.5998	6.661e2
115.6552	4.573e2
115.6955	1.364e2
115.7258	3.899e2
115.7913	4.581e2
115.8367	2.632e2
115.8821	2.308e2
115.9175	3.159e2
115.9578	6.888e1
116.0134	7.951e3
116.0790	1.063e3
116.1699	1.549e2
116.2053	1.800e2
116.2356	2.115e2
116.2962	1.472e2
116.3620	1.968e2
116.3923	1.120e2
116.4580	2.394e2
116.5137	2.083e2
116.5694	1.046e2
116.6655	2.910e2
116.7212	1.313e2
116.7617	1.211e2
116.7921	6.349e1
116.8174	1.729e2
116.8529	4.232e1
116.8985	1.964e2
116.9239	9.403e1
117.0202	8.021e3
117.1267	1.197e2
117.1875	8.994e1
117.2129	8.519e1
117.2637	7.386e1
117.3144	8.483e1
117.3398	3.468e1
117.3652	8.597e1
117.4160	7.763e1
117.4566	1.055e2
117.5277	7.727e1
117.5684	8.838e1
117.6446	8.488e1
117.6701	5.632e1
117.7209	1.130e2
117.7769	7.135e1
117.8328	4.179e1
117.8888	9.051e1
117.9193	1.731e1
117.9549	8.354e1
118.0568	2.082e3
118.1434	3.197e1
118.1790	5.756e1
118.2504	5.281e1
118.3065	5.333e1
118.3371	1.592e1
118.3676	2.436e1
118.4237	4.072e1
118.4492	4.519e1
118.5054	1.772e1
118.5411	3.471e1
118.5666	7.192e0
118.5972	4.690e1
118.6432	3.752e1
118.6993	1.619e1
118.7351	3.221e1
118.7811	9.910e0
118.8168	4.498e1
118.8935	1.963e1
118.9343	1.290e2
118.9701	4.251e1
119.0366	8.134e2
119.1850	2.599e1
119.2310	1.187e1
119.2720	1.020e1
119.3078	6.594e0
119.3385	1.814e1
119.3846	1.914e1
119.4307	9.172e0
119.4563	6.283e0
119.5075	2.223e1
119.5588	2.972e1
119.7280	2.571e1
119.7536	5.452e0
119.7793	8.364e0
119.8203	1.174e1
119.8716	4.608e0
119.9024	2.783e0
119.9486	8.302e1
120.0154	7.032e1
120.0410	8.071e1
120.1540	1.468e1
120.2054	7.158e0
120.2311	1.162e1
120.2825	1.466e1
120.3493	1.904e1
120.6941	1.199e1
120.7250	9.763e0
120.7559	6.328e0
120.7816	8.267e0
120.8126	1.115e1
120.8383	9.510e0
120.9002	3.842e0
120.9362	8.173e1
121.0342	6.455e2
121.2612	7.602e0
121.2870	7.607e0
121.3644	2.117e0
121.3954	7.257e0
121.6124	1.053e1
121.7055	4.728e0
121.7572	2.302e1
121.8606	3.385e0
121.9538	1.638e2
122.0314	2.343e2
122.6276	7.990e0
122.6535	5.175e0
122.9132	2.640e1
122.9652	3.214e1
123.0120	1.419e2
123.0484	2.358e2
123.7617	3.285e0
123.8139	4.688e0
123.9495	7.705e1
124.0017	1.384e1
124.0434	6.730e1
124.7754	8.558e0
124.9901	6.988e2
125.1107	2.198e1
125.8194	4.353e0
125.9772	1.477e1
126.0193	4.695e1
126.0561	4.743e1
126.7781	3.874e0
126.9101	5.600e1
126.9523	7.908e0
127.0052	2.952e2
127.0527	2.209e3
127.2271	2.060e0
127.2535	7.694e0
127.5816	1.303e1
127.6345	1.226e1
127.6928	1.016e1
127.7829	2.548e1
127.8199	2.125e1
127.8994	3.185e1
127.9524	8.885e0
128.0373	4.340e3
128.1540	1.746e1
128.2018	5.453e0
128.2495	1.168e1
128.2761	1.356e1
128.3079	1.058e1
128.4672	2.291e1
128.5044	1.545e1
128.5735	1.612e1
128.6160	9.226e0
128.6692	2.278e1
128.7756	2.056e1
128.8341	8.554e0
128.8713	1.311e1
128.9033	1.700e1
128.9618	3.414e2
129.0204	3.890e3
129.1268	3.421e1
129.2281	7.999e0
129.2920	7.210e0
129.4786	8.761e0
129.7668	4.535e0
129.7988	5.784e0
129.8255	2.522e0
129.8950	6.206e0
129.9217	2.207e0
129.9751	9.607e1
130.0232	2.492e2
130.0499	1.128e2
130.0874	3.226e2
130.1462	2.872e1
130.3762	6.642e0
130.6011	1.511e1
130.6386	3.643e0
130.6654	1.130e1
130.6921	8.433e0
130.8744	4.479e1
130.9012	3.706e1
130.9977	1.786e3
131.0407	1.484e3
131.1158	4.985e1
131.1534	2.541e1
131.1802	3.418e1
131.2070	4.407e1
131.2500	7.637e1
131.3037	3.495e1
131.3521	6.559e1
131.4004	5.514e1
131.4756	6.579e1
131.5240	5.082e1
131.5670	4.762e1
131.5993	6.415e1
131.6692	1.028e2
131.7445	5.105e1
131.7714	5.039e1
131.8252	1.014e2
131.8844	4.167e2
131.9813	1.457e3
132.0298	1.363e4
132.1429	3.706e2
132.1752	4.765e2
132.2076	2.485e2
132.2561	8.704e2
132.3370	4.867e2
132.3855	2.198e2
132.4178	4.321e2
132.4448	3.644e2
132.4934	3.133e2
132.5312	4.270e2
132.5851	5.861e2
132.6175	2.770e2
132.6445	5.297e2
132.7093	6.073e2
132.7417	6.898e2
132.7849	5.844e2
132.8173	3.681e2
132.8443	7.217e2
132.8821	8.383e2
132.9470	6.810e2
133.0172	1.492e5
133.1416	1.294e2
133.1957	4.007e2
133.2336	2.136e2
133.2823	3.394e2
133.3093	1.683e2
133.3472	1.617e2
133.3959	4.658e2
133.5096	8.230e2
133.5638	2.138e2
133.5909	3.010e2
133.6288	2.145e2
133.6559	3.041e2
133.7264	7.637e2
133.8077	2.126e2
133.8348	3.351e2
133.8836	2.527e2
133.9324	1.937e2
134.0192	8.003e3
134.1223	2.035e2
134.1820	1.484e2
134.2092	1.143e2
134.2472	1.040e2
134.2798	6.471e1
134.3070	9.901e1
134.3450	1.591e2
134.3939	1.267e2
134.4373	1.500e2
134.4917	1.393e2
134.5243	1.861e2
134.6059	1.306e2
134.6331	7.092e1
134.6766	1.424e2
134.7310	1.375e2
134.7854	1.577e2
134.8344	1.778e2
134.9215	2.933e2
134.9759	8.481e1
135.0249	3.044e3
135.1176	7.876e1
135.1666	9.017e1
135.2102	8.806e1
135.2592	6.587e1
135.2920	6.772e1
135.3410	3.601e1
135.3683	4.179e1
135.4010	5.364e1
135.4556	6.816e1
135.5047	8.000e1
135.5428	2.623e1
135.5920	1.334e2
135.6902	1.261e1
135.7175	5.817e1
135.7558	6.101e1
135.8049	2.035e1
135.8541	5.160e1
135.9251	8.556e2
136.0289	2.721e2
136.0891	4.370e1
136.1274	1.966e1
136.1711	5.214e1
136.1985	1.553e1
136.2696	5.823e1
136.3790	5.579e1
136.4447	1.918e1
136.4995	2.802e1
136.5488	2.813e1
136.5817	2.015e1
136.6584	3.807e1
136.6858	1.921e1
136.7132	1.939e1
136.7515	6.231e0
136.7899	5.596e1
136.8502	3.513e1
136.8886	1.490e1
136.9215	3.174e1
136.9489	3.585e1
137.0257	7.892e2
137.1190	1.430e1
137.1520	1.396e1
137.1849	1.272e1
137.2233	5.003e1
137.3826	1.800e1
137.4156	6.112e0
137.5090	1.040e1
137.5585	1.234e1
137.5914	6.888e0
137.6189	1.768e1
137.7840	7.973e0
137.9215	2.870e2
138.0206	1.689e2
138.1473	7.016e0
138.2796	1.852e1
138.3071	1.320e1
138.3512	5.098e0
138.9197	9.212e0
139.0025	1.362e2
139.1463	4.450e0
139.6443	9.678e0
139.9325	4.419e1
139.9658	1.804e0
140.0046	5.221e1
140.0379	8.470e0
140.0712	4.488e1
140.4431	4.595e0
140.9212	4.769e1
140.9546	1.024e1
141.0158	1.176e2
141.0715	3.169e1
141.3500	7.587e0
142.0474	1.345e2
142.0977	6.175e0
142.5842	4.573e0
142.6122	2.527e0
142.9987	1.150e3
143.1109	5.272e1
143.4418	3.037e0
143.8464	1.703e1
143.8745	2.573e1
143.9307	2.991e1
144.0094	1.148e2
144.0432	1.921e2
144.1051	1.825e1
144.1332	2.306e1
144.1613	1.143e1
144.1951	6.323e0
144.2232	6.395e0
144.2739	1.524e1
144.3246	1.613e1
144.3528	8.987e0
144.3865	2.642e1
144.4316	2.783e1
144.5049	2.066e1
144.5556	9.085e0
144.5894	1.875e1
144.6232	8.761e0
144.6908	3.259e1
144.7698	5.451e1
144.8093	4.401e1
144.8487	4.579e1
144.8882	8.533e1
144.9616	1.386e2
145.0124	6.830e2
145.0632	8.797e3
145.1592	4.481e1
145.2213	2.052e1
145.2778	2.085e1
145.3061	1.856e1
145.3513	2.438e1
145.4021	3.458e1
145.4304	2.264e1
145.4643	3.371e1
145.5039	3.804e1
145.5322	4.962e1
145.5774	3.137e1
145.6057	2.475e1
145.6622	9.143e1
145.7132	5.084e1
145.7867	5.695e1
145.8263	8.464e1
145.8660	3.734e1
145.8943	5.914e1
145.9509	9.815e2
146.0472	1.157e4
146.1492	2.854e1
146.2001	1.803e1
146.2398	2.132e1
146.2852	2.872e1
146.3362	3.734e1
146.3702	3.051e1
146.4269	7.846e0
146.4610	2.985e1
146.5120	2.542e1
146.5858	7.011e1
146.6539	3.300e1
146.6823	3.115e1
146.7277	2.769e1
146.7618	4.071e1
146.8299	5.312e1
146.8640	3.355e1
146.9663	3.578e3
147.0401	1.856e3
147.1425	1.768e1
147.1823	1.708e1
147.2221	1.999e1
147.2847	2.507e1
147.3359	1.747e1
147.5009	9.087e0
147.5578	8.641e0
147.6262	3.080e1
147.6774	1.724e1
147.7230	9.827e0
147.7515	1.491e1
147.8028	9.350e0
147.8598	1.952e1
147.9054	1.928e1
147.9567	2.564e2
148.0422	2.594e2
148.1335	4.265e0
148.1620	6.265e0
148.2190	1.690e1
148.3161	9.765e0
148.3903	8.359e0
148.4417	1.119e1
148.5045	2.131e1
148.5902	1.674e1
148.6588	7.154e0
148.7617	1.469e1
148.8303	1.333e1
148.8818	8.943e0
148.9676	2.379e3
149.0419	4.692e2
149.2537	1.038e1
149.4943	8.575e0
149.6434	8.695e0
149.9704	3.180e2
150.0393	7.037e1
150.0967	4.015e0
150.9709	3.759e2
151.0400	5.437e2
151.7898	2.623e0
152.0440	7.770e1
152.9992	3.718e2
154.0213	3.114e1
154.0562	4.265e1
154.9068	6.858e1
154.9943	6.178e2
155.9118	2.162e1
155.9762	1.041e2
156.0640	4.622e1
157.0141	1.551e2
157.0494	2.099e1
157.0905	6.485e1
157.9140	1.247e1
158.0496	3.178e2
158.9170	8.342e0
158.9820	5.213e2
159.0293	3.628e2
159.9705	4.274e2
160.0595	6.034e1
160.9800	1.240e2
161.0454	6.589e2
161.5276	2.150e1
161.5693	2.470e1
161.5991	1.383e1
161.6527	6.692e1
161.7123	3.540e1
161.7779	6.911e1
161.8315	3.478e1
161.8673	3.336e1
161.9150	3.430e1
161.9747	3.458e2
162.0284	3.965e1
162.0582	1.415e2
162.1418	2.736e1
162.1835	4.192e1
162.2432	1.193e1
162.2850	4.097e1
162.3209	3.102e1
162.3627	2.107e1
162.4284	6.461e1
162.4583	3.635e1
162.5240	4.452e1
162.5539	2.651e1
162.6017	3.690e1
162.6495	9.444e1
162.7153	5.938e1
162.7691	8.660e1
162.8468	6.660e1
162.9425	1.827e4
163.0383	5.983e2
163.1580	2.853e1
163.2119	1.678e1
163.2778	2.859e1
163.3377	9.307e0
163.3796	1.478e1
163.4096	5.556e0
163.4395	3.683e1
163.5474	2.297e1
163.5774	3.133e1
163.6374	3.172e1
163.6734	1.861e1
163.7033	2.452e1
163.7453	3.205e1
163.7933	1.213e1
163.8233	2.810e1
163.8653	3.102e1
163.9373	2.880e2
163.9853	4.824e1
164.0754	3.906e2
164.1354	3.819e1
164.2495	8.677e0
164.3036	1.376e1
164.4058	2.182e1
164.5079	2.482e0
164.5621	2.805e1
164.5981	5.767e0
164.6463	2.450e1
164.7064	1.562e1
164.7425	2.705e1
164.8207	2.000e1
164.8508	2.320e1
164.9411	3.022e3
165.0435	1.815e3
165.7005	1.132e1
165.7367	7.047e0
165.8574	1.007e1
165.9420	4.607e2
166.0446	2.743e2
166.1413	1.533e1
166.9398	2.836e2
167.0367	1.582e3
167.9405	1.341e2
168.0378	2.225e2
168.8956	8.998e0
168.9321	2.101e1
168.9992	3.558e2
169.9939	4.424e1
170.0367	1.965e1
170.0795	7.313e0
170.8873	1.464e2
170.9670	2.971e2
171.0406	5.984e1
171.0835	6.945e1
171.1325	9.985e0
171.5620	8.701e0
171.7094	1.321e1
171.7463	3.723e0
171.8937	3.280e1
171.9736	6.500e2
172.0658	3.015e1
172.0966	7.848e1
172.2873	6.160e0
172.5581	3.791e1
172.5889	1.996e1
172.6443	1.637e1
172.6874	1.392e1
172.7367	3.186e1
172.8291	3.775e1
172.9031	8.998e1
173.0079	7.327e3
173.1004	2.451e2
173.2237	7.853e0
173.2607	1.676e1
173.3101	4.729e0
173.4521	1.661e1
173.5385	1.760e2
173.5879	1.015e2
173.6682	2.785e2
173.7300	1.295e2
173.7732	1.937e2
173.8351	1.803e2
173.8721	9.647e1
173.9463	1.902e2
174.0143	1.849e3
174.1689	1.011e2
174.2061	9.325e1
174.2493	8.436e1
174.2865	1.474e2
174.3484	1.376e2
174.4041	1.985e2
174.4660	1.506e2
174.5465	3.355e2
174.5960	9.713e1
174.6394	1.986e2
174.7076	2.605e2
174.7509	3.054e2
174.8129	2.875e2
174.8873	3.294e2
175.0237	5.791e4
175.1725	1.286e2
175.2470	1.390e2
175.3339	1.718e2
175.3959	4.078e1
175.4332	1.299e2
175.5077	1.396e2
175.5574	1.882e2
175.6071	3.611e1
175.6692	2.701e2
175.7437	1.177e2
175.7748	1.004e2
175.8059	1.012e2
175.8681	8.956e1
175.9675	1.625e3
176.0297	4.555e3
176.1603	6.655e1
176.1977	5.222e1
176.2412	3.877e1
176.2785	3.844e1
176.3159	5.633e1
176.3533	4.122e1
176.3906	2.977e1
176.4280	6.410e1
176.5152	8.120e1
176.5899	8.176e1
176.6397	2.855e1
176.6771	4.810e1
176.7519	8.231e1
176.8080	2.410e1
176.8391	3.521e1
176.8703	2.965e1
176.9701	4.847e2
177.0324	1.467e3
177.1385	1.465e1
177.1759	3.208e1
177.2445	2.653e1
177.2757	1.598e1
177.3506	3.918e1
177.4193	2.207e1
177.4942	2.119e1
177.5442	6.216e1
177.6192	1.454e1
177.6754	3.340e1
177.7129	8.199e0
177.7566	1.075e1
177.8129	3.572e1
177.8816	5.192e0
177.9129	8.534e0
177.9942	7.965e2
178.1631	1.374e1
178.2006	1.529e1
178.2820	1.946e1
178.4322	1.093e1
178.5199	2.584e1
178.6201	1.686e1
178.6765	7.958e0
178.7078	1.151e1
178.7642	9.648e0
179.0589	2.022e3
179.1530	1.447e1
179.5611	5.841e0
179.7181	6.687e0
179.8941	9.648e0
179.9255	8.700e0
179.9633	3.848e1
180.0073	7.081e1
180.0639	1.954e2
180.3722	1.108e1
180.9203	7.432e2
181.0213	9.624e1
181.0528	1.005e2
181.5451	1.987e1
181.6209	8.554e0
181.6651	3.023e0
181.9242	1.035e3
182.0191	3.181e1
182.0507	3.752e1
182.9309	6.723e2
182.9752	6.042e2
183.9276	2.482e2
183.9975	1.980e2
184.9270	2.629e2
184.9780	2.369e2
185.9291	2.123e1
185.9739	1.576e1
186.0314	5.007e1
186.1145	2.461e2
186.9211	1.570e1
187.0558	5.282e1
187.0878	8.950e1
187.9480	1.301e2
188.0058	4.576e1
188.0636	1.056e2
188.1151	8.092e0
188.9582	1.398e2
189.0033	4.908e2
189.0871	4.102e1
189.3515	3.193e1
189.3966	3.866e1
189.4547	7.715e1
189.5515	7.382e1
189.6096	3.880e1
189.6612	8.787e1
189.7064	4.602e1
189.7516	3.130e1
189.7903	9.112e1
189.8420	5.401e1
189.9454	1.361e2
189.9906	2.358e2
190.0488	9.073e1
190.0940	3.004e1
190.1392	2.779e1
190.1780	4.098e1
190.2362	5.625e1
190.2685	4.003e1
190.3655	4.891e1
190.4561	1.477e2
190.5208	7.020e1
190.5725	1.259e2
190.6372	4.881e1
190.6955	1.563e2
190.7538	1.190e2
190.8250	8.360e1
190.8574	4.925e1
191.0193	2.818e4
191.1424	2.111e1
191.2267	5.851e1
191.2850	2.258e1
191.3174	3.288e1
191.3628	4.823e1
191.4017	1.944e1
191.4666	3.437e1
191.5184	3.973e1
191.5509	3.988e1
191.5833	3.988e1
191.6417	5.084e1
191.6742	4.799e1
191.7391	7.741e1
191.7845	7.025e1
191.8364	6.395e1
191.8819	4.491e1
191.9468	5.918e2
192.0248	2.190e3
192.1677	2.168e1
192.2002	3.113e1
192.2522	2.342e1
192.3107	5.143e1
192.3757	4.850e1
192.4342	3.238e1
192.4797	3.013e1
192.5448	2.424e1
192.5838	4.439e1
192.6749	3.053e1
192.7074	4.753e1
192.7660	2.001e1
192.7985	2.516e1
192.8506	3.204e1
192.9613	3.983e3
193.0329	9.013e2
193.1762	1.422e1
193.2088	1.163e1
193.2544	9.075e0
193.2935	8.852e0
193.3326	5.962e0
193.4108	1.389e1
193.4434	1.111e1
193.4825	1.152e1
193.5217	1.289e1
193.6978	2.095e1
193.7304	1.669e1
193.7760	7.105e0
193.8413	1.366e1
193.8739	1.033e1
193.9588	6.045e2
194.0437	1.286e2
194.2004	7.470e0
194.2723	9.054e0
194.3180	4.915e0
194.5795	6.602e0
194.6383	1.305e1
194.9524	7.286e2
195.0506	7.072e2
195.8960	5.109e1
196.0141	3.523e2
196.9076	3.599e0
196.9734	3.942e1
197.0129	4.491e1
197.0458	8.837e1
197.1247	7.330e0
197.9153	1.127e3
198.0142	6.410e1
198.0802	8.421e0
198.4366	4.920e0
198.9586	5.884e2
199.0974	3.119e2
199.9715	1.091e3
200.0842	4.467e1
200.9006	5.580e1
200.9936	9.431e2
201.9850	4.977e2
203.0122	3.100e2
203.0590	1.249e2
203.9818	1.746e2
204.9940	1.781e2
205.0342	4.368e2
205.9750	5.991e1
206.0827	7.590e2
206.9516	1.297e2
207.0123	4.590e1
207.0461	1.177e2
207.0865	1.307e2
207.9779	3.682e1
208.0590	4.113e2
208.1537	2.915e1
208.1943	3.773e1
208.2484	4.395e1
208.3025	2.497e1
208.3499	4.579e1
208.4108	5.217e1
208.4446	5.446e1
208.4920	2.670e1
208.5529	8.420e1
208.6341	7.085e1
208.6951	4.901e1
208.7696	7.951e1
208.8170	4.496e1
208.9389	1.447e3
209.0067	1.218e2
209.0677	1.052e3
209.1965	3.025e1
209.2439	3.696e1
209.2982	1.090e2
209.3660	5.284e1
209.3999	5.129e1
209.4406	4.636e1
209.4813	9.674e1
209.5424	6.440e1
209.5831	5.858e1
209.6170	9.618e1
209.7053	1.311e2
209.7664	6.699e1
209.8207	6.543e1
209.9497	2.519e4
210.0788	1.438e2
210.1399	2.813e1
210.2011	7.118e1
210.2623	5.354e1
210.3234	5.836e1
210.3914	5.169e1
210.4254	2.620e1
210.4798	5.013e1
210.5410	5.835e1
210.5818	7.187e1
210.6295	8.613e1
210.6771	7.012e1
210.7383	9.635e1
210.8268	7.005e1
210.9493	3.935e3
211.0242	1.504e3
211.1604	4.015e1
211.1945	4.878e1
211.2899	4.960e1
211.3785	2.733e1
211.4398	2.563e1
211.4807	3.463e1
211.5898	4.400e1
211.6580	2.588e1
211.7057	2.136e1
211.7671	1.744e1
211.8285	2.644e1
211.9445	4.166e3
212.1288	2.543e1
212.1629	1.080e1
212.3951	6.871e0
212.5113	8.495e0
212.5591	1.228e1
212.5933	8.430e0
212.6480	1.549e1
212.7300	1.238e1
212.7710	1.104e1
212.8736	5.863e0
212.9967	5.879e2
213.1130	4.855e1
213.7294	5.660e0
213.9487	7.765e1
214.0241	2.536e2
214.1064	1.365e1
214.1682	2.974e1
214.8959	3.545e1
214.9303	8.453e0
215.0334	3.673e2
215.1090	6.230e1
215.1709	4.622e0
215.9554	1.193e3
216.1001	3.564e1
216.1484	7.304e0
216.2035	3.933e0
216.2518	1.122e1
216.5000	7.611e0
216.5965	8.649e0
216.7345	1.323e1
216.8588	4.993e0
216.9071	5.443e1
216.9900	1.531e3
217.1281	2.550e1
217.2593	4.057e0
217.3077	7.621e0
217.3423	1.376e1
217.3906	4.064e0
217.4459	6.825e0
217.6603	3.070e1
217.7294	5.122e0
217.7640	1.433e1
217.8124	9.885e0
217.8816	1.506e1
217.9785	4.342e3
218.0962	1.021e2
218.3662	2.560e0
218.4008	2.142e0
218.5879	1.072e1
218.6503	1.200e1
218.8583	1.262e1
218.9068	4.062e1
218.9901	1.278e3
219.0872	3.735e1
219.7329	5.574e0
219.9067	2.271e1
219.9832	7.973e2
220.8809	7.436e0
220.9645	1.452e2
221.0830	3.117e2
221.1387	5.301e1
221.1876	5.694e1
221.2503	4.447e1
221.2852	5.186e1
221.4177	1.053e2
221.4665	4.544e1
221.5293	8.584e1
221.5712	6.178e1
221.6060	5.678e1
221.6479	4.210e1
221.6968	6.570e1
221.7526	7.609e1
221.8224	3.334e1
221.8643	2.732e1
221.8992	3.008e1
221.9830	3.387e2
222.0389	2.023e2
222.0808	1.424e2
222.1856	6.414e1
222.2415	9.349e1
222.3184	8.550e1
222.3743	1.045e2
222.4582	8.380e1
222.5141	1.050e2
222.5561	1.673e2
222.6470	1.060e2
222.7799	2.718e2
222.8429	9.023e1
222.9198	1.027e2
223.0599	3.390e4
223.2139	5.212e1
223.2559	3.375e1
223.3049	8.194e1
223.3960	5.958e1
223.4311	3.431e1
223.4871	3.688e1
223.5221	2.930e1
223.5782	5.824e1
223.6133	3.452e1
223.7184	1.104e2
223.8446	1.545e2
223.9148	5.899e1
223.9849	1.516e2
224.0691	4.342e3
224.2165	4.665e1
224.2656	5.117e1
224.3779	3.777e1
224.4131	2.999e1
224.4692	1.428e1
224.5114	2.598e1
224.5605	3.643e1
224.5957	1.550e1
224.6378	3.031e1
224.6800	3.066e1
224.7713	2.444e1
224.8205	2.643e1
224.8838	3.044e1
224.9330	2.261e1
224.9822	9.454e1
225.0666	8.841e2
225.2284	1.207e1
225.4747	2.084e1
225.5098	5.045e0
225.5591	1.711e1
225.6436	1.887e1
225.6859	1.912e0
225.7281	1.549e1
225.8408	2.343e1
225.9253	2.673e3
226.0381	3.082e1
226.0804	6.664e1
226.1509	1.629e1
226.5387	4.732e0
226.7081	8.616e0
226.8140	8.536e0
226.9199	2.454e2
226.9905	2.742e2
227.1106	2.384e1
227.1671	1.468e0
227.2095	1.382e1
227.2519	6.405e0
227.9379	2.434e2
228.0298	9.174e1
228.1360	1.131e0
228.1856	4.466e0
228.9864	7.698e2
229.1141	9.303e1
229.9379	8.201e1
230.0232	5.346e2
230.8985	7.656e0
231.0125	1.487e3
231.8968	9.836e0
232.0038	5.339e2
232.0967	2.062e1
232.3252	6.079e0
232.9043	2.312e2
232.9830	7.678e2
233.0832	2.496e1
233.1405	6.623e1
233.8711	8.959e0
233.9643	3.130e3
234.1221	4.853e0
234.1723	1.197e1
234.4880	3.522e0
234.9620	4.884e2
235.0698	5.037e1
235.1057	2.862e1
235.1416	2.822e1
235.3933	4.162e0
235.8754	2.509e1
236.0050	2.114e3
236.1706	1.334e1
236.2066	3.176e0
236.8699	5.976e1
236.9998	3.069e2
237.0575	2.589e2
237.7726	4.106e0
237.8304	9.447e0
237.8665	7.815e0
238.0184	2.817e3
238.8725	5.023e1
238.9595	3.199e1
239.0609	9.416e2
239.9604	6.590e1
240.0549	2.357e2
240.8690	5.308e0
240.9126	6.099e0
241.0582	4.367e2
242.0562	1.285e3
242.1656	5.862e0
242.9322	3.311e1
242.9979	1.349e2
243.0418	2.301e2
243.9122	5.952e1
244.0367	1.411e2
244.1026	1.428e1
244.9308	4.238e2
245.0409	2.408e3
245.9884	1.170e3
246.9156	7.197e1
246.9892	8.090e2
247.9774	3.503e2
248.9083	1.278e2
248.9527	3.953e1
248.9897	1.408e2
249.0636	5.372e1
249.1228	3.480e1
249.9077	1.856e1
250.0040	8.892e1
250.0707	5.152e1
250.1375	4.192e1
250.9239	2.874e2
251.0650	6.355e1
251.9943	5.814e2
252.1134	1.171e1
252.9626	5.577e2
253.9028	2.300e1
254.0148	1.560e3
254.8822	4.150e1
255.0020	3.016e2
255.0768	6.980e1
255.8635	2.303e1
255.9235	3.917e1
255.9610	4.155e1
255.9985	2.092e1
256.0360	7.809e1
256.8542	1.600e1
256.9294	2.511e1
256.9819	2.944e1
257.0495	4.502e1
257.1097	1.119e1
257.8919	2.753e0
257.9823	2.863e2
259.0223	7.981e2
259.1280	7.898e0
259.9964	3.773e2
260.8967	1.478e2
260.9421	4.800e1
261.0102	2.385e2
262.0185	7.256e2
262.9677	2.377e3
263.1274	4.367e1
263.3631	4.937e0
263.9035	2.526e2
263.9721	6.816e2
264.1092	1.024e1
264.8868	3.097e1
264.9783	6.365e2
265.1462	1.724e3
265.8948	3.768e2
266.0018	5.075e2
266.1547	2.179e2
266.2235	5.670e0
266.9430	1.378e2
266.9812	1.178e2
267.0808	5.436e2
267.1421	1.145e2
267.8858	5.927e1
268.0315	9.729e2
268.9456	3.639e2
269.0224	5.642e1
269.0840	2.042e2
269.9227	3.216e1
270.0229	1.839e2
270.0999	1.164e1
270.9943	5.402e2
271.9210	2.961e2
272.0757	5.174e2
272.8881	1.253e1
272.9346	4.119e1
272.9888	8.603e1
273.0895	1.056e2
273.9422	1.710e2
274.0509	4.092e1
274.1129	2.601e1
274.9828	3.166e2
275.1383	2.044e1
275.9865	9.175e2
276.9997	2.762e2
277.1557	1.598e2
278.0070	2.663e2
278.1165	2.430e1
278.9456	4.321e2
279.0475	1.068e2
279.1336	3.745e1
279.9173	4.529e1
279.9644	9.855e1
280.0114	5.748e1
280.0663	4.717e1
280.9849	3.960e2
281.0556	3.565e1
281.1028	5.290e1
281.8656	6.512e1
281.9679	2.481e2
282.0781	9.350e0
282.1254	9.794e0
282.8817	3.139e2
282.9921	7.391e1
283.0946	1.692e2
283.8838	3.423e1
283.9391	1.026e2
284.0260	1.190e2
284.8719	6.092e1
284.9590	1.462e2
285.0381	1.367e2
285.8696	1.283e1
285.9727	1.180e2
286.0757	4.734e2
286.9962	2.166e2
287.0359	8.914e1
288.0692	2.944e2
288.9370	7.394e1
289.0168	3.576e2
289.9658	1.777e2
290.0376	6.562e1
290.9084	2.816e2
290.9724	8.058e1
291.0284	7.059e1
291.1323	4.525e1
291.1723	4.970e1
291.9647	7.449e2
292.0769	3.646e1
292.1329	1.858e1
292.8384	8.447e0
292.9026	6.111e1
293.0149	8.584e2
293.1834	4.496e2
293.8740	7.242e0
293.9142	2.737e1
294.0026	2.589e2
294.1714	3.730e1
294.9115	2.176e1
295.0404	3.315e2
295.9025	5.706e1
295.9670	1.401e2
296.9597	3.907e2
297.0567	8.507e1
297.0970	9.571e1
297.1617	1.474e1
297.9541	1.476e2
298.0512	9.190e1
298.1241	2.437e1
298.8610	1.718e2
298.9826	1.365e2
299.1041	4.811e2
299.9966	1.436e2
300.0615	2.055e2
300.8740	3.946e1
300.9309	8.785e1
301.0529	2.280e2
301.8342	1.721e0
301.9401	1.768e2
302.0541	2.412e2
302.9509	2.005e2
303.0162	9.704e1
303.1713	4.775e0
303.8409	2.981e0
303.9471	2.649e2
304.9858	4.156e2
305.1004	2.611e1
305.1496	4.830e1
305.9115	6.204e1
305.9526	4.965e1
306.0755	1.695e3
306.9372	3.880e2
307.0686	2.999e2
307.8988	3.565e1
307.9564	8.227e1
308.0633	1.192e2
308.7960	6.422e0
308.8372	1.009e0
309.0019	4.036e2
309.0514	5.849e2
309.9172	1.911e1
309.9750	6.275e1
310.0245	1.198e2
310.1153	1.450e1
310.9578	3.095e2
311.1067	1.203e2
311.1480	8.132e1
311.9505	1.063e2
312.9282	2.800e2
313.0692	4.315e2
313.9406	8.178e2
314.0901	1.654e2
314.9380	2.422e2
315.0629	3.615e2
315.9704	3.441e2
316.0704	8.372e1
316.9043	8.401e1
316.9961	7.813e1
317.0378	7.909e1
317.0879	2.202e1
317.1714	5.851e0
317.9315	2.951e2
318.0986	2.810e0
318.9268	4.627e2
319.0273	6.782e1
319.0943	1.057e2
319.1696	1.737e1
319.8232	2.532e1
319.9153	1.438e2
319.9657	9.426e1
320.0663	3.247e1
320.8635	2.914e1
320.9307	1.179e2
320.9810	7.024e1
321.0566	1.592e2
321.1490	1.259e2
321.9728	6.572e1
322.0148	2.677e1
322.0821	5.908e1
322.9239	7.181e1
322.9828	7.123e1
323.0418	4.488e1
323.1008	5.504e1
323.1429	1.332e2
323.9271	3.327e1
324.0114	3.932e2
324.9233	4.794e1
325.0331	1.404e2
325.0754	1.163e2
325.1768	1.942e1
325.9718	1.431e2
326.0903	2.552e1
326.1580	1.146e1
326.9712	4.581e2
327.0730	7.207e1
327.9637	2.187e2
328.0995	2.172e1
328.8896	6.998e1
328.9916	1.731e2
329.0766	3.375e2
329.9275	8.498e2
330.0893	4.551e1
330.8135	5.584e0
330.9244	2.607e2
331.0268	7.051e1
331.0779	2.519e1
331.1376	2.817e1
331.9570	4.454e2
332.9227	1.094e2
333.0510	1.141e3
333.1879	1.339e2
333.9156	1.153e2
333.9584	9.897e1
334.0612	1.390e2
334.1297	2.261e1
334.1983	2.339e1
334.9013	4.993e2
335.0385	5.604e1
335.0986	1.142e2
335.1415	1.371e2
335.9057	1.710e2
335.9916	2.626e1
336.0432	1.509e1
336.0947	2.124e1
336.1462	1.274e1
336.2064	2.258e1
336.4729	3.543e0
336.5417	7.275e0
336.6019	1.067e1
336.7825	3.693e1
336.8341	7.611e1
336.8857	5.276e1
336.9288	1.129e2
336.9890	2.694e1
337.0320	4.558e1
337.0837	1.479e2
337.1697	1.922e1
337.2386	1.107e1
337.8069	2.288e1
337.9276	1.796e2
338.0138	3.135e1
338.0655	4.472e1
338.1085	3.390e1
338.1516	4.427e1
338.2120	2.405e1
338.2982	2.002e1
338.3413	2.045e0
338.3844	8.402e0
338.4534	2.428e1
338.5310	6.159e0
338.5914	1.331e1
338.6777	3.124e1
338.7380	8.042e0
338.7898	4.523e1
338.8588	5.160e1
339.0659	7.129e3
339.2386	1.230e1
339.2904	1.337e1
339.3854	3.222e1
339.5840	2.037e1
339.6359	1.259e0
339.6790	5.850e0
339.7395	8.714e0
339.8778	9.019e1
340.0679	1.469e3
340.1975	2.570e1
340.2495	1.091e1
340.3618	7.103e0
340.4051	9.694e0
340.4570	9.138e0
340.5089	2.624e1
340.5867	1.310e1
340.8290	5.873e1
340.8723	5.543e1
340.9761	8.198e1
341.1060	7.002e3
341.2791	1.143e1
341.7903	3.134e0
341.8682	1.382e1
341.9289	4.274e1
341.9722	6.708e1
342.1109	1.105e3
342.4405	4.299e0
342.9525	2.182e2
343.1174	1.915e2
343.1695	4.227e1
344.0123	3.762e2
344.8909	1.937e1
344.9867	1.413e2
345.1260	4.139e2
345.8404	1.535e1
345.9189	2.152e1
346.0148	2.200e2
346.0758	1.203e2
346.8960	2.456e1
347.0095	2.860e2
347.1142	6.223e1
347.8133	2.065e1
347.8657	4.506e1
347.9444	1.232e2
347.9969	1.188e2
348.1018	1.835e1
348.1805	3.703e0
348.9244	3.734e2
349.0119	5.700e1
349.0907	9.066e0
349.1783	1.127e2
349.8531	1.741e1
349.9232	1.336e2
350.1600	1.104e1
350.9235	9.158e1
350.9674	9.023e1
351.0640	4.101e1
351.1519	1.842e1
351.9340	1.062e2
352.0308	4.164e1
352.1187	1.895e1
352.9284	1.456e2
353.0253	5.775e1
353.1662	3.430e1
353.9153	2.396e2
354.0564	3.448e1
354.8418	2.534e1
354.9125	8.815e1
354.9655	8.192e1
355.0803	1.266e2
355.7961	2.505e0
355.8492	2.260e1
355.9287	7.992e1
355.9729	4.847e1
356.0702	8.870e0
356.8933	8.472e1
356.9376	6.033e1
357.0439	2.384e1
357.1059	1.003e2
357.2033	1.073e1
357.8947	2.136e1
357.9656	6.869e1
358.0720	4.831e1
359.0128	8.947e1
359.0928	1.146e2
359.9104	8.079e1
360.0082	9.441e1
360.1150	1.786e1
360.9427	1.169e2
360.9872	7.626e1
361.0674	4.114e1
361.1475	1.283e2
361.8516	1.536e1
361.9408	5.936e1
361.9854	7.113e1
362.1191	4.073e2
362.9759	2.700e2
363.0652	1.568e2
363.1814	5.090e1
363.9411	5.911e1
363.9947	4.111e1
364.0394	1.244e1
364.0841	1.104e1
364.1378	8.553e0
364.8806	5.050e2
365.0597	4.721e1
365.1313	1.148e2
365.9558	1.784e2
366.1172	3.651e1
366.9608	3.739e2
367.0686	2.688e1
367.1494	1.111e1
367.8862	4.018e1
367.9402	1.142e2
367.9942	6.080e1
368.1470	1.527e1
368.8399	2.891e1
368.9209	1.003e2
368.9929	6.915e1
369.0560	1.270e1
369.1280	1.363e1
369.8578	1.330e2
369.9930	6.111e1
370.0832	5.442e1
370.8862	2.313e1
371.0035	1.194e2
371.0939	5.251e1
371.7172	6.964e0
371.7804	1.659e1
371.9612	1.702e2
372.0154	6.314e1
372.0697	7.075e1
372.6848	1.426e1
372.7481	1.759e1
372.8477	2.320e2
372.9291	7.416e1
373.0649	2.606e3
373.3094	2.722e1
373.4090	4.129e1
373.5087	7.895e1
373.6265	3.366e1
373.6899	2.912e1
373.7351	2.258e1
373.8530	8.349e1
373.9617	2.263e2
374.0705	5.793e2
374.2156	4.104e1
374.3244	1.402e1
374.3698	5.610e1
374.5421	4.278e1
374.6237	1.902e1
374.7145	8.231e1
374.8052	6.230e1
374.8960	2.035e2
375.0140	1.257e2
375.0775	1.755e2
375.1774	1.143e2
375.2409	5.057e1
375.2863	7.053e1
375.3590	9.292e1
375.4771	9.094e1
375.5316	1.391e2
375.6587	6.010e1
375.7133	8.536e1
375.8314	7.297e1
376.0313	2.542e4
376.2586	3.354e1
376.3040	2.398e1
376.3768	4.881e1
376.4495	2.620e1
376.5132	2.385e1
376.5587	1.933e1
376.6133	2.409e1
376.7043	8.243e1
376.8225	2.655e1
377.0318	4.775e3
377.3413	1.808e1
377.4324	2.415e1
377.4961	4.096e1
377.6692	4.069e1
377.7330	4.631e1
377.8332	4.135e1
378.0246	3.257e3
378.2068	2.527e1
378.2798	5.426e0
378.3253	6.315e0
378.3801	1.841e1
378.4713	1.054e1
378.7449	2.127e1
378.8178	1.331e1
379.0368	9.343e2
379.8586	6.349e0
380.0322	3.716e2
380.7819	5.791e0
380.8734	4.728e1
380.9191	5.888e1
381.0197	1.371e2
381.8802	3.595e1
381.9261	1.327e2
382.9435	1.731e2
383.0444	5.305e1
383.1178	2.155e1
383.8155	9.572e1
383.8981	4.060e1
383.9624	7.340e1
384.0267	7.291e1
384.1461	8.262e0
384.8446	2.885e1
384.9366	2.748e2
385.1113	2.821e2
385.8476	3.631e1
385.9120	1.070e2
386.0041	4.451e1
386.0686	3.326e1
386.1423	1.773e1
386.8979	7.326e1
386.9810	1.365e2
387.1192	4.022e2
387.8482	3.261e1
387.9128	8.420e1
387.9682	1.048e2
388.0790	5.675e1
388.1621	2.549e1
388.9197	9.074e1
388.9752	6.448e1
389.0215	5.662e1
389.1231	4.151e1
389.8447	2.654e1
389.9465	1.275e2
390.0205	6.009e1
390.0761	3.410e1
390.8727	3.631e1
390.9376	6.134e1
391.0024	1.477e2
391.7814	1.199e1
391.8649	1.100e2
391.9762	8.253e1
392.0969	3.005e1
392.8491	6.550e1
392.8955	1.380e2
392.9792	6.955e1
393.1464	2.901e1
393.8624	3.338e1
393.9089	7.640e1
394.0019	5.007e1
394.9142	5.716e1
394.9608	6.065e1
395.0261	2.985e1
395.1378	1.482e0
395.9116	1.211e2
396.0236	2.083e1
396.9382	6.713e1
397.0222	3.517e1
397.0690	1.749e1
397.1437	1.367e1
397.9287	5.477e1
398.0035	1.020e2
398.8737	3.233e1
398.9486	5.054e1
399.0329	6.110e1
399.0797	1.392e1
399.8104	5.934e1
399.9042	5.697e1
399.9979	1.413e2
400.0635	9.281e1
400.9359	3.128e2
401.0485	1.101e2
401.8187	4.656e1
401.8844	6.539e1
402.0348	2.734e2
402.1100	2.295e1
402.8435	9.076e1
402.9470	2.689e2
403.1446	3.299e1
403.1917	3.514e1
403.8225	6.202e1
403.9167	6.531e1
404.0863	4.342e3
404.8782	7.499e1
404.9536	6.764e1
405.0951	7.582e2
405.2744	1.928e1
405.8219	1.841e1
405.8880	4.913e1
406.0486	6.304e2
406.1053	1.563e2
406.8235	1.780e1
406.9180	7.282e1
407.0220	3.241e2
407.8546	5.228e1
407.9114	4.155e1
407.9872	9.669e1
408.0534	8.073e1
408.9345	6.975e1
409.0293	1.014e2
409.1431	3.094e1
409.8450	8.865e0
409.9019	1.038e2
410.8800	2.647e1
410.9275	6.828e1
411.0510	5.935e0
411.8878	1.024e2
411.9639	2.076e1
412.0114	2.000e1
412.1447	1.731e1
412.9349	9.235e1
413.0206	2.965e1
413.0968	1.847e1
413.8593	2.787e1
413.9833	1.963e2
414.0882	7.636e0
414.1741	1.430e1
414.7753	9.780e0
414.8803	1.382e2
414.9376	9.015e1
415.0235	5.763e1
415.0713	2.159e1
415.1190	6.655e1
415.8834	4.429e1
416.0077	2.809e2
416.1511	1.573e1
416.8398	2.760e1
416.8973	8.479e1
416.9452	5.975e1
417.0409	5.527e1
417.0887	3.453e1
417.1749	1.913e1
417.2419	1.705e1
417.8741	5.722e1
418.0561	9.848e2
418.8040	9.968e0
418.8808	7.313e1
418.9479	6.114e1
419.0343	1.140e2
419.0919	1.211e2
419.1782	1.198e2
419.8023	3.240e1
419.8503	1.002e2
419.8983	1.135e2
420.0424	1.909e2
420.1193	3.657e1
420.2058	2.033e1
420.7633	5.547e0
420.8498	5.876e1
420.9652	1.216e2
421.0229	4.106e1
421.0710	3.603e1
421.1672	3.790e1
421.2441	1.039e1
421.8600	6.611e1
422.0238	6.207e2
422.9005	8.243e1
422.9776	1.830e2
423.1222	3.514e1
423.9229	6.379e1
424.0194	5.105e2
424.8982	3.259e1
424.9466	4.581e1
425.0045	2.083e2
425.8650	2.204e1
425.9327	3.882e1
426.0101	1.872e2
426.0972	3.400e1
426.8329	2.150e1
426.9007	6.469e1
426.9975	4.129e1
427.0653	2.145e1
427.8891	1.210e2
427.9376	7.019e1
428.0152	2.171e1
428.0831	6.306e-1
428.9175	1.036e2
428.9855	6.230e1
429.0923	1.890e1
429.1408	1.409e1
429.1991	3.565e1
429.8597	4.957e1
429.9472	9.091e1
430.1124	3.429e0
430.1708	2.793e0
430.8710	1.959e2
430.9294	5.431e1
430.9878	5.235e1
431.1046	7.282e1
431.8348	1.898e1
431.9128	3.443e1
431.9907	1.026e2
432.0492	9.927e1
432.1369	2.212e1
432.2440	1.103e0
432.8485	5.959e1
432.9167	8.122e1
432.9753	5.162e1
433.0630	2.692e2
433.1899	1.513e2
433.8730	5.050e1
434.0488	9.260e2
434.1953	4.342e1
434.8305	3.422e1
434.9771	1.486e2
435.0455	6.873e1
435.0944	1.340e2
435.8672	1.957e2
436.0237	1.963e2
436.1608	4.245e0
436.7974	2.975e1
436.9149	4.862e1
436.9639	4.094e1
437.0521	5.135e1
437.8168	3.440e1
438.0032	2.679e2
438.8473	8.187e1
438.8964	3.902e1
439.0633	7.707e2
439.2107	8.795e0
439.8003	2.518e1
440.0067	8.034e2
440.8233	1.468e1
440.8922	9.068e1
440.9709	2.325e2
441.9361	1.048e2
442.0247	2.012e2
442.9023	6.553e1
442.9516	8.587e1
443.0207	4.076e1
443.8499	3.230e1
443.9387	7.464e1
444.0079	1.182e2
444.0968	1.398e1
444.9467	2.356e2
445.0852	5.040e1
445.1742	4.204e1
445.8470	3.105e1
445.9558	8.847e1
446.0351	8.026e1
446.1340	5.146e1
446.7382	1.039e1
446.8174	3.350e1
447.0454	8.602e2
447.2437	6.295e0
447.8684	5.899e1
448.0569	4.410e3
448.8113	1.139e1
448.8907	9.067e1
449.0596	1.026e3
449.8845	1.821e2
450.0535	1.133e3
450.8394	3.505e1
450.9688	1.132e2
451.0584	1.160e2
451.1381	4.224e1
451.2078	2.146e1
451.9349	2.158e2
452.0745	3.469e1
452.1243	2.965e1
452.8622	2.983e1
452.9120	5.351e1
453.0118	6.423e1
453.1116	2.054e1
453.1714	5.376e0
453.8603	4.777e1
453.9302	7.247e1
454.7595	1.113e1
454.8195	8.636e1
454.8795	6.112e1
454.9894	6.225e0
455.0594	1.084e1
455.8397	9.490e1
455.9298	2.688e1
455.9899	4.678e1
456.2701	2.566e0
456.7810	2.113e1
456.8311	5.827e0
456.8912	5.695e1
457.1016	4.177e2
457.7533	8.168e0
457.8134	1.309e1
457.8736	3.238e1
457.9238	3.216e1
458.0442	4.120e1
458.1144	4.156e1
458.1846	9.376e0
458.8170	1.909e1
458.9073	4.892e1
458.9777	1.265e2
459.1082	5.271e1
459.9926	4.556e2
460.1836	3.653e0
460.9884	5.772e2
461.1393	1.623e1
461.2198	4.774e0
461.8543	4.978e1
461.9349	1.084e2
461.9954	1.512e2
462.0558	2.439e2
462.8321	3.562e1
462.8824	4.183e1
462.9530	9.288e1
463.0337	3.062e2
463.8310	2.260e1
464.0430	2.239e3
464.8208	2.866e1
464.8916	3.934e1
464.9926	1.351e2
465.0533	3.919e2
465.7814	7.884e1
465.8320	4.610e1
465.9332	5.510e1
466.0648	4.787e2
466.4291	7.443e-1
466.8443	4.396e1
466.8949	7.240e1
466.9962	5.907e1
467.0975	2.417e1
467.1786	1.247e1
467.2293	5.535e0
467.8172	6.100e1
467.8983	5.531e1
467.9895	4.017e1
468.1112	1.575e1
468.8215	2.256e1
468.8823	5.360e1
469.0042	4.059e1
469.8370	3.295e1
469.8979	8.332e1
469.9996	2.769e1
470.0605	1.698e1
470.8434	5.072e1
470.9045	3.639e1
470.9553	3.010e1
471.0062	2.576e1
471.0673	2.238e1
471.8714	5.343e1
471.9325	4.603e1
472.7475	1.565e1
472.8494	3.562e1
472.9106	5.658e1
473.0023	4.774e1
473.8489	8.451e1
473.8999	3.052e1
473.9713	4.541e1
474.0938	2.981e1
474.8085	2.301e1
474.8596	3.173e1
474.9209	6.464e1
474.9720	4.607e1
475.0231	4.884e1
475.0844	8.086e1
475.1457	7.653e1
475.7692	1.429e1
475.8817	6.967e1
475.9532	8.526e1
476.0862	9.945e0
476.9663	1.945e3
477.2325	3.793e0
477.9394	2.211e2
477.9906	4.434e2
478.9749	4.675e2
479.1596	1.516e1
479.8885	8.168e1
479.9911	1.219e2
480.0425	1.287e2
480.8851	9.553e1
480.9776	4.014e1
481.0701	2.408e1
481.1319	1.264e1
481.8519	5.220e1
481.9857	3.757e1
482.0371	4.838e0
482.0886	1.791e1
482.8094	7.949e0
482.8918	9.701e1
482.9845	3.228e1
483.0463	3.511e1
483.0978	1.922e1
483.7677	8.404e0
483.8605	4.299e1
483.9637	4.726e1
484.7684	3.209e1
484.8716	8.053e1
484.9336	5.646e1
485.1090	8.310e0
485.2020	5.897e0
485.8631	9.468e1
485.9148	1.089e2
486.7831	1.759e1
486.8348	4.502e1
486.8866	6.519e1
486.9900	9.139e1
487.0831	7.124e1
487.1659	9.436e1
487.8283	3.910e1
487.8801	3.797e1
487.9525	8.504e1
488.0769	1.127e2
488.8435	5.695e1
488.9265	2.035e1
488.9783	4.839e1
489.0301	4.599e1
489.1234	1.855e1
489.8806	8.361e1
489.9739	2.289e1
490.0362	1.638e1
490.7940	2.281e1
490.8667	4.270e1
490.9186	5.075e1
490.9914	1.728e1
491.0641	1.862e1
491.7915	1.501e1
491.8435	7.147e1
492.0098	2.165e1
492.8421	6.485e1
492.9565	8.176e1
493.1231	1.506e0
493.7583	1.131e1
493.8416	3.980e1
493.9041	2.589e1
494.0083	7.532e1
494.7796	1.175e1
494.8526	3.545e1
494.9465	6.178e1
495.0508	8.155e1
495.8334	1.755e1
495.8856	1.920e1
495.9586	1.327e2
496.9091	1.083e2
496.9823	8.079e1
497.0868	4.250e1
497.1913	6.823e0
497.8396	5.706e0
497.9442	6.482e1
497.9966	3.585e1
498.0698	1.726e1
498.7814	1.115e1
498.9071	8.539e1
498.9594	2.718e1
499.0118	2.203e1
499.0851	1.597e1
499.1375	1.290e1
499.2108	4.269e1
499.7137	2.635e0
499.8709	5.734e1
499.9232	2.440e1
499.9757	4.637e1
500.1644	1.970e1
500.7412	9.569e0
500.8251	3.308e1
500.8776	7.825e1
501.0035	1.823e1
501.0560	1.457e1
501.1504	2.892e1
501.2134	1.230e1
501.8853	1.349e2
502.0113	2.430e1
502.7153	3.794e0
502.7679	2.606e1
502.8625	5.325e1
502.9150	6.980e1
503.1358	1.807e3
503.8722	8.882e1
503.9248	7.766e1
504.0721	9.824e1
504.1353	3.347e2
504.8302	4.265e1
504.8934	4.798e1
504.9777	7.778e1
505.0303	1.045e2
505.0936	4.525e1
505.1463	6.278e1
505.8102	2.049e1
505.8735	3.366e1
505.9262	5.360e1
506.0422	4.498e1
506.7279	3.768e0
506.7807	1.193e1
506.8441	4.268e1
506.9179	2.591e1
506.9813	6.950e1
507.0657	4.216e1
507.8260	3.174e1
507.8894	3.073e1
507.9634	6.740e1
508.0690	2.751e1
508.7561	1.901e1
508.8724	3.197e1
508.9570	2.948e1
509.0628	2.114e1
509.7611	5.333e0
509.8458	1.931e1
509.9305	5.113e1
510.0470	6.846e1
510.1635	2.303e0
510.8413	6.102e1
510.9261	4.939e1
511.0215	1.098e2
511.8272	2.547e1
511.9333	1.792e2
511.9969	8.862e1
512.0712	2.126e1
512.1667	5.632e0
512.7928	3.741e1
512.8990	7.264e1
512.9839	7.727e1
513.0476	8.164e1
513.8549	5.544e1
513.9506	9.081e1
514.0463	1.019e1
514.1100	3.544e0
514.8331	3.822e1
514.9714	6.863e1
515.0565	9.074e1
515.7590	1.220e1
515.8229	4.335e1
515.9293	9.156e1
516.0358	1.654e1
516.8455	3.507e1
516.9201	5.626e1
517.0054	6.486e1
517.7732	2.142e1
517.8478	3.177e1
517.9439	5.302e1
517.9973	2.813e1
518.7871	2.467e1
518.8405	1.461e1
518.9258	9.025e1
519.0113	8.637e1
519.7913	2.423e1
519.8661	5.445e1
519.9517	1.449e1
520.0157	3.067e1
520.7109	4.711e0
520.7858	2.628e1
520.8499	8.076e1
520.9784	7.256e1
521.0639	2.884e1
521.1282	1.672e1
521.1816	2.052e1
521.8240	4.223e1
521.9205	4.963e1
521.9847	3.755e1
522.1346	6.931e0
522.8312	5.932e1
522.9063	7.472e1
522.9598	2.992e1
523.0242	5.287e1
523.7749	1.893e1
523.8393	6.028e1
523.9896	1.214e2
524.0539	3.392e1
524.1398	9.446e0
524.8055	2.214e1
524.9129	1.566e2
525.0955	1.573e1
525.7939	1.458e1
525.8692	3.302e1
525.9338	5.013e1
525.9875	2.623e1
526.0521	3.469e1
526.1596	9.904e0
526.2241	3.231e0
526.8373	3.591e1
526.9665	5.880e1
527.8170	2.974e1
527.9032	2.189e1
527.9570	2.967e1
528.7544	7.218e0
528.8299	6.699e1
528.9702	1.666e1
529.0240	3.698e1
529.7899	2.043e1
529.8654	4.332e1
529.9518	1.141e2
530.7183	7.783e0
530.8154	2.708e1
530.8695	2.221e1
530.9451	7.707e1
531.0316	6.229e1
531.7665	2.663e1
531.8314	5.263e1
531.9177	5.452e1
531.9935	1.615e2
532.8589	3.649e1
532.9239	5.063e1
532.9996	1.947e2
533.8009	5.280e1
533.9634	1.347e2
534.1042	6.178e0
534.1800	3.526e0
534.7870	9.943e0
534.8737	4.792e1
534.9714	1.062e2
535.0364	6.809e1
535.8067	1.524e1
535.8826	3.191e1
535.9586	4.435e1
536.0454	2.702e1
536.1431	1.392e1
536.8164	5.550e1
536.9033	5.567e1
536.9794	2.516e1
537.0445	3.247e1
537.0988	1.812e1
537.2401	3.396e0
537.8380	2.825e1
537.9249	7.029e1
538.0227	1.945e1
538.0989	3.618e0
538.8060	5.291e1
538.8714	1.461e1
538.9257	3.680e1
539.1107	4.614e2
539.8403	6.457e1
539.9493	8.937e1
540.0474	1.004e2
540.7776	1.899e1
540.8649	5.786e1
540.9957	1.721e2
541.1156	1.271e2
541.7811	8.400e0
541.8356	2.722e1
541.8902	3.522e1
541.9557	3.907e1
542.0212	1.249e1
542.1194	3.370e1
542.9930	1.130e2
543.0587	1.122e1
543.8018	1.802e1
543.8784	1.611e1
543.9439	4.824e1
544.8082	2.135e1
544.8738	2.962e1
544.9941	1.114e2
545.8812	8.624e1
546.0016	4.554e1
546.8565	4.004e1
546.9771	8.284e1
547.0319	5.421e1
547.1196	8.815e0
547.3499	1.596e0
547.7998	1.507e1
547.9424	1.833e2
547.9973	1.232e2
548.9197	1.667e2
548.9745	1.338e2
549.0294	2.689e2
549.1393	3.179e2
549.7327	6.946e0
549.8097	2.370e1
549.8757	8.829e1
549.9966	1.047e2
550.0735	6.840e1
550.1616	2.081e1
550.7886	2.358e1
550.9317	1.133e2
550.9977	9.494e1
551.0968	7.986e1
551.8123	3.732e1
551.9005	6.398e1
552.0216	6.994e0
552.0767	1.502e1
552.1429	1.460e1
552.7709	1.161e1
552.9033	7.974e1
552.9915	9.099e1
553.8518	1.867e1
553.9952	4.464e1
554.0724	9.001e0
554.8232	3.421e1
554.9557	6.113e1
555.0441	3.137e1
555.1324	1.916e1
555.7623	1.762e1
555.8728	3.182e1
555.9502	2.840e1
556.7132	6.396e0
556.8350	1.245e2
557.7758	1.985e1
557.8755	5.542e1
557.9751	2.197e1
558.0416	1.349e1
558.0970	2.781e0
558.8504	3.603e1
558.9613	7.440e1
559.0278	2.152e1
559.0943	1.736e1
559.8594	6.887e1
559.9482	5.425e1
560.0480	7.046e1
560.8584	6.714e1
560.9472	1.273e2
561.0916	5.366e1
561.7359	7.866e0
561.8137	1.882e1
561.9027	7.844e1
561.9692	9.013e1
562.1027	1.663e1
562.1694	2.835e0
562.7588	1.009e1
562.8922	7.012e1
563.1147	8.877e2
563.3262	5.453e0
563.8160	3.531e1
563.9161	3.621e1
564.1054	3.105e2
564.8072	5.078e1
564.9186	6.491e1
565.0078	3.299e2
565.1638	2.153e1
565.2531	3.906e0
565.8328	6.357e1
566.1229	2.536e3
566.7255	2.266e1
566.8817	7.240e1
567.1385	5.881e2
567.7975	2.175e1
567.8981	3.417e1
567.9650	2.966e1
568.1216	1.624e2
568.7922	4.702e1
568.8706	1.931e1
568.9377	3.015e1
568.9936	7.362e1
569.0942	2.349e1
569.8103	3.005e1
569.9334	6.446e1
570.0342	1.920e1
570.8069	1.547e1
570.8741	4.275e1
570.9861	4.964e1
571.0533	7.782e1
571.1654	1.309e1
571.7932	3.931e1
571.8492	2.318e1
571.9277	1.879e1
571.9837	3.524e1
572.0734	2.158e1
572.7465	7.785e0
572.8139	3.712e1
572.8924	2.528e1
572.9598	3.562e1
573.0832	4.746e1
573.1730	6.466e0
573.7794	2.522e1
573.9141	7.011e1
573.9703	3.833e1
574.1276	1.649e1
574.7120	1.432e1
574.8581	7.626e1
574.9143	6.298e1
575.0380	3.826e1
575.1617	1.587e1
575.3079	7.268e0
575.7015	1.175e1
575.7691	4.287e1
575.8365	4.282e1
575.9153	9.090e1
576.0391	1.360e1
576.0954	4.572e1
576.3768	1.208e1
576.6132	1.751e1
576.7146	1.224e1
576.7934	1.431e1
576.8497	5.246e1
577.1312	4.226e3
577.8974	2.080e2
577.9539	7.781e1
578.1568	1.331e3
578.8109	2.800e1
578.8673	7.284e1
579.1155	2.077e3
579.8152	3.596e1
579.9282	5.465e1
580.1201	6.389e2
580.7302	9.402e-2
580.8771	5.575e1
580.9562	6.751e1
581.0806	6.842e1
581.1484	6.676e1
581.8381	5.808e1
581.9059	1.385e1
581.9625	4.023e1
582.0416	1.143e1
582.1322	6.544e0
582.7885	1.309e1
582.8791	3.267e1
582.9584	4.424e1
583.0602	1.963e1
583.7511	8.637e0
583.8304	2.964e1
583.8871	7.940e1
584.8052	8.893e0
584.8959	5.548e1
585.0433	3.460e1
585.7581	8.164e0
585.8149	2.862e1
585.8716	6.074e1
585.9511	2.784e1
586.0305	2.624e1
586.8026	4.174e1
586.8822	5.655e1
586.9616	2.664e1
587.0186	3.802e1
587.0980	1.603e1
587.7685	1.068e1
587.8708	5.935e1
587.9391	2.712e1
588.0073	4.980e1
588.7239	1.677e1
588.8491	6.215e1
588.9286	3.896e1
589.0197	6.126e1
589.7596	1.888e1
589.8622	2.566e1
589.9760	9.880e1
590.0672	6.261e1
590.7622	2.694e1
590.8989	7.538e1
590.9788	3.584e1
591.0358	9.442e1
591.1611	6.373e1
591.7542	1.174e1
591.8226	2.746e1
591.8911	3.927e1
591.9595	6.796e1
592.0737	3.260e1
592.1649	1.933e1
592.8383	3.501e1
592.9183	3.423e1
593.1351	3.671e3
593.7292	1.176e1
593.8093	3.534e1
593.9349	4.409e1
594.1177	1.014e3
594.6893	6.147e0
594.8038	2.194e1
594.8610	4.633e1
595.0325	9.897e1
595.1011	2.927e2
595.7648	3.062e1
595.8906	5.187e1
595.9937	7.562e1
596.1082	4.478e1
596.8870	5.114e1
596.9442	9.191e1
597.0588	2.689e1
597.1276	9.671e0
597.8611	6.562e1
597.9185	5.862e1
598.0562	4.121e1
598.1364	2.688e1
598.7787	2.237e1
598.8477	4.143e1
598.9280	4.229e1
598.9969	4.795e1
599.0887	8.677e1
599.8235	2.933e1
599.9038	4.030e1
599.9612	4.542e1
600.1451	2.973e1
600.9150	5.775e1
601.0874	5.438e2
601.8235	2.691e1
601.8810	4.053e1
601.9960	5.735e1
602.1226	8.141e1
602.2147	7.595e0
602.7786	2.245e1
602.9053	5.734e1
602.9629	3.335e1
603.0435	6.762e1
603.1818	1.961e1
603.8268	3.075e1
603.8845	4.666e1
604.0458	5.723e1
604.1034	2.832e1
604.7606	2.743e1
604.8298	1.454e1
604.8875	4.731e1
605.0143	3.326e1
605.0836	1.602e1
605.7990	3.051e1
605.8797	5.093e1
605.9952	1.563e2
606.7688	1.310e1
606.8381	2.399e1
606.9305	6.018e1
606.9999	4.400e1
607.1270	9.131e1
607.2887	1.280e1
607.7974	7.964e0
607.8668	5.539e1
607.9592	1.190e2
608.8151	1.435e1
609.1276	1.288e3
609.9149	5.700e1
610.0886	4.281e2
610.8650	2.718e1
610.9229	3.219e1
610.9924	7.400e1
611.1083	9.664e1
611.9201	7.287e1
612.0245	5.645e1
612.7557	2.450e1
612.8951	9.634e1
612.9879	5.294e1
613.0575	9.328e1
613.1272	2.489e2
613.7894	1.316e1
613.8474	4.729e1
613.9752	5.418e1
614.0566	7.285e1
614.1262	4.273e1
614.2193	1.440e1
614.9285	4.144e1
615.0099	8.274e1
615.0913	9.040e1
615.1959	2.672e1
615.8126	6.150e0
615.9056	5.007e1
615.9639	2.482e1
616.0685	2.382e1
616.1385	2.760e1
616.9769	7.702e1
617.0934	1.048e1
617.8392	1.047e1
617.9208	3.314e1
618.0024	4.436e1
618.0724	2.481e1
618.7954	3.569e1
618.9237	3.224e1
619.1338	2.328e2
619.9276	5.756e1
620.0327	6.534e1
620.1378	4.145e1
620.8503	3.378e1
620.9321	3.755e1
621.0023	1.511e1
621.0607	3.533e1
621.1893	1.644e1
621.8323	3.099e1
621.8908	2.010e1
621.9727	2.576e1
622.7800	1.077e1
622.8735	4.508e1
622.9322	2.520e1
623.0257	4.131e1
623.1194	9.563e1
623.2248	2.420e1
623.8104	1.674e1
623.8688	2.375e1
623.9509	2.785e1
624.0212	1.287e1
624.1149	4.350e1
624.8181	2.252e1
624.8884	8.420e0
624.9822	5.183e1
625.0525	4.794e1
625.1580	9.297e0
625.9088	8.423e1
626.1082	4.057e2
626.8478	3.414e1
626.9182	2.894e1
627.1414	1.209e2
627.7405	1.072e1
627.7992	1.761e1
627.8932	3.481e1
628.0107	8.909e1
628.1400	1.049e1
628.7750	3.832e1
628.9279	3.802e1
629.0573	1.547e2
629.8809	2.337e1
629.9750	7.728e1
630.1163	2.990e1
630.1987	1.547e1
630.8347	2.506e1
630.9407	8.904e1
631.0703	3.705e1
631.8010	1.435e1
631.8835	4.765e1
631.9424	6.773e1
632.0604	1.205e1
632.1193	1.618e1
632.9451	2.218e2
633.1102	3.041e1
633.7712	1.593e1
633.9011	1.094e2
634.1019	4.647e1
634.7871	3.963e1
634.8816	4.631e1
634.9407	7.626e1
635.0353	2.458e1
635.0944	3.201e1
635.1771	3.752e1
635.2362	5.916e0
635.2953	4.232e0
635.3544	4.915e0
635.7092	1.239e1
635.8392	6.742e1
635.9575	7.349e1
636.0402	6.253e1
636.2178	3.884e1
636.2769	1.684e1
636.7620	2.307e1
636.8685	5.570e1
636.9514	4.096e1
637.0461	4.418e1
637.1171	5.607e1
637.1763	5.261e1
637.2828	1.777e1
637.8395	1.026e2
637.8987	2.114e1
637.9935	6.865e1
638.0645	3.651e1
638.1475	1.457e1
638.2304	2.693e1
638.6926	5.613e0
638.7875	1.728e1
638.8704	7.950e1
638.9772	6.810e1
639.1313	7.292e1
639.2380	2.651e1
639.5464	9.454e0
639.6175	8.031e0
639.6887	2.049e1
639.8192	5.762e1
639.8784	3.298e1
640.1276	8.148e3
640.8042	4.896e1
640.8755	4.428e1
641.1368	2.482e3
641.5881	1.189e1
641.6475	1.285e1
641.7068	1.539e1
641.8138	4.653e1
641.8970	6.214e1
642.1228	1.894e3
642.7054	6.428e0
642.8599	6.159e1
642.9313	2.473e1
643.1097	5.509e2
643.7879	1.693e1
643.8831	5.093e1
643.9664	3.550e1
644.0259	6.912e1
644.0854	5.184e1
644.1450	5.128e1
644.2045	3.567e1
644.8594	5.908e1
644.9784	4.925e1
645.0618	6.572e1
645.1810	1.105e1
645.2524	7.855e0
645.8245	1.832e1
645.8840	4.829e1
646.0033	8.308e1
646.8143	3.525e1
646.9454	8.577e1
647.0409	3.631e1
647.1244	1.526e1
647.8644	5.483e1
647.9480	7.267e1
648.1031	2.675e1
648.7601	9.106e0
648.8796	8.218e1
649.0109	7.262e1
649.2739	6.965e1
649.8119	1.990e1
649.8835	3.662e1
650.0032	9.986e1
650.1108	5.717e1
650.1705	4.296e1
650.3022	4.641e0
650.7927	4.162e1
650.9243	9.541e1
651.0560	2.118e1
651.1517	5.348e1
651.7623	3.031e1
651.9419	9.917e1
652.0856	1.993e1
652.7325	7.655e0
652.8165	9.333e0
652.8763	2.548e1
652.9962	8.698e1
653.7036	4.476e0
653.8475	4.584e1
653.9075	2.718e1
654.0275	3.658e1
654.1114	1.984e1
654.8314	3.046e1
654.9514	6.603e1
655.0715	1.798e1
655.8160	1.905e1
655.8881	1.416e1
656.1525	2.329e3
656.7653	1.205e1
656.8494	4.483e1
657.1140	7.309e2
657.7996	6.567e0
657.8958	1.392e1
657.9680	5.028e1
658.0642	9.199e1
658.1365	1.179e2
658.1966	6.639e1
658.9188	5.021e1
659.0032	3.209e1
659.0875	5.078e1
659.2078	2.964e1
659.8463	2.075e1
659.9548	5.061e1
660.0392	6.042e1
660.8348	3.138e1
660.9312	4.592e1
661.0277	8.192e1
661.1846	2.428e1
661.8119	2.453e1
662.0292	1.163e2
662.1378	1.855e1
662.8743	3.653e1
662.9346	5.558e1
663.0554	2.394e1
663.1157	1.367e1
663.8166	2.232e1
663.9012	5.839e1
664.1067	1.271e1
664.8564	2.673e1
664.9410	2.865e1
665.0862	1.656e1
665.1951	1.231e1
665.7639	1.103e1
665.8243	1.781e1
665.9091	2.087e1
666.0060	2.704e1
666.8416	3.469e1
666.9142	1.635e1
667.0717	9.737e1
667.1444	5.936e1
667.2291	1.151e1
667.8474	4.107e1
667.9322	2.951e1
668.0413	5.674e1
668.1262	2.611e1
668.8782	3.623e1
668.9631	7.278e1
669.0480	3.839e1
669.1330	1.244e1
669.9462	6.576e1
670.0434	4.199e1
670.1161	3.738e1
670.1769	4.250e1
670.7842	5.713e0
670.9301	5.891e1
671.0152	5.640e1
671.9269	4.983e1
672.0971	3.419e2
672.1580	4.498e2
672.8270	2.511e1
672.9365	3.702e1
673.0217	4.531e1
673.1191	2.070e2
673.2407	2.042e1
674.0565	1.217e2
674.2148	1.724e1
674.7753	2.610e1
674.8727	9.961e0
675.0679	1.807e2
675.1287	2.595e2
675.8237	7.447e0
675.8969	2.361e1
675.9822	3.472e1
676.0921	1.069e2
676.8485	2.340e1
676.9218	1.877e1
677.0072	3.350e1
677.0682	7.931e1
677.1414	7.424e1
677.2392	1.257e1
677.9352	6.005e1
678.0696	1.401e2
678.1796	3.279e1
678.8149	2.889e1
678.8883	6.802e1
678.9861	8.478e1
679.0961	5.924e1
679.1573	6.397e1
679.7809	1.746e1
679.8788	4.421e1
679.9521	2.437e1
680.0623	4.570e1
680.1479	1.323e1
680.8822	3.730e1
680.9557	3.130e1
681.0168	1.417e1
681.0903	5.464e1
681.1638	5.268e1
681.7761	2.276e0
681.8742	5.760e1
682.0212	8.956e0
682.0824	1.333e1
682.1682	6.286e0
682.8300	2.878e1
682.8914	1.995e1
683.0140	4.323e1
683.1242	8.723e0
683.7988	1.313e1
683.9093	3.473e1
684.0319	3.949e1
684.1179	9.454e0
684.8175	2.609e1
684.9402	2.667e1
685.0630	3.171e1
685.8123	1.838e1
685.9720	2.922e1
686.0826	8.007e1
686.2054	1.198e1
686.8447	1.603e1
686.9431	4.439e1
687.0414	2.503e1
687.1153	2.924e1
687.9271	6.255e1
688.0010	2.157e1
688.1855	3.251e1
688.8504	4.273e1
688.9735	5.921e1
689.0844	1.523e1
689.1459	8.199e0
689.8728	2.731e1
689.9467	2.843e1
690.0452	1.470e1
690.9329	4.385e1
691.0809	1.581e2
691.1672	6.004e1
691.8828	2.839e1
691.9816	4.272e1
692.1174	8.590e1
692.8458	1.396e1
692.9075	6.923e0
692.9693	2.476e1
693.0434	3.384e1
693.1175	7.337e1
693.2287	7.496e1
693.9700	5.673e1
694.1431	9.186e1
694.2419	9.721e0
694.8973	4.635e1
695.1076	4.629e1
695.8129	2.470e1
695.9119	1.332e1
696.0356	3.666e1
696.1595	1.455e1
696.7909	6.863e0
696.8529	1.551e1
696.9396	4.289e1
697.0139	2.431e1
697.1130	3.187e1
697.7822	1.108e1
697.8689	3.446e1
697.9681	3.777e1
698.0424	2.959e1
698.8608	2.432e1
698.9229	2.671e1
698.9848	3.036e1
699.1213	2.060e0
699.9155	3.219e1
700.0024	3.936e1
700.1762	1.395e0
700.8467	3.184e1
700.9709	2.934e1
701.1077	1.594e1
701.8657	2.574e1
701.9528	2.753e1
702.0646	3.216e1
702.2014	3.181e0
702.8979	2.260e1
702.9725	2.246e1
703.0347	2.003e1
703.1093	6.348e0
703.8436	1.582e1
703.9432	4.176e1
704.0553	3.568e1
704.7899	1.657e1
704.8523	8.065e0
704.9395	2.992e1
705.0017	2.432e1
705.0765	1.443e1
705.8866	3.075e1
706.0612	5.320e1
706.8718	6.656e1
707.1213	1.089e2
707.1962	1.641e1
707.9202	3.626e1
708.0699	3.581e1
708.1573	2.190e1
708.8567	1.463e1
708.9442	3.246e1
709.0941	3.638e1
709.2191	1.602e1
709.7940	4.179e0
709.8690	1.296e1
709.9441	2.131e1
710.0441	5.925e1
710.2066	3.436e1
710.7694	1.144e1
710.9821	4.789e1
711.0697	5.931e1
711.1448	6.506e1
711.2199	9.157e1
711.9709	1.662e1
712.0461	2.162e1
712.1838	6.638e1
712.8602	3.144e1
712.9479	2.416e1
713.0732	4.695e1
713.1359	1.375e2
713.9255	3.851e1
713.9882	5.152e1
714.1136	3.049e1
714.1888	2.719e1
714.8411	2.393e1
714.9540	3.182e1
715.0168	3.371e1
715.1171	1.126e1
715.8702	9.021e0
715.9330	3.126e1
716.0585	3.482e1
716.1339	1.770e1
716.9630	6.217e1
717.0258	4.058e1
717.1011	2.414e1
717.9057	3.624e1
718.0314	4.569e1
718.1194	7.037e1
718.9622	6.668e1
719.1006	3.845e1
719.2013	2.335e0
719.8810	1.700e1
719.9440	2.089e1
720.0321	2.100e1
720.1202	2.144e1
720.9390	5.021e1
721.0399	3.488e1
721.1533	3.910e1
721.2162	5.994e0
721.9221	3.263e1
722.0231	1.742e1
722.1113	1.276e1
722.1870	8.315e0
722.8934	2.275e1
722.9943	3.074e1
723.0574	4.989e0
723.1584	3.684e1
723.2845	1.642e1
724.2062	1.102e2
724.9009	2.991e1
724.9894	3.772e1
725.1031	1.619e1
725.1663	5.226e1
725.2927	8.397e0
725.8868	3.171e1
725.9501	1.386e1
726.0386	4.627e1
726.1398	4.426e1
726.2408	1.982e1
726.8734	4.831e1
727.0253	4.614e1
727.1897	1.998e2
727.9619	2.830e1
728.0252	2.004e1
728.1138	2.924e1
728.2279	3.023e1
728.7725	4.174e0
728.9498	5.495e1
729.0513	5.754e1
729.8245	4.172e0
729.9512	4.440e1
730.0272	1.149e1
730.1287	1.667e1
730.9279	3.372e1
731.0167	2.335e1
731.9305	2.542e1
732.0195	2.457e1
732.0829	2.928e1
732.8324	4.485e0
732.9467	4.136e1
733.0991	2.979e1
733.1627	4.905e1
733.8999	5.609e1
733.9763	5.208e1
734.0524	3.937e1
734.8411	1.490e1
734.9047	2.678e1
734.9938	3.320e1
735.0701	2.623e1
735.1337	2.661e1
735.9484	6.969e1
736.0247	2.773e1
736.9036	4.535e1
737.0820	2.444e1
737.9232	1.340e1
738.0634	6.495e1
738.8287	3.044e1
738.9307	1.154e1
738.9944	7.473e0
739.0838	3.781e1
739.1604	1.013e2
739.2752	4.514e1
739.3773	7.457e0
739.9261	2.750e1
740.0667	5.894e1
740.2454	3.060e1
740.9352	2.811e1
741.0374	5.122e1
741.1268	4.777e1
741.2290	1.273e1
741.3312	5.107e0
741.9448	2.672e1
742.0087	3.965e1
742.0983	1.905e1
742.1621	8.721e0
742.8271	6.302e0
742.8911	1.491e1
743.1086	9.122e1
743.1982	6.564e1
743.2749	2.691e1
744.0045	7.985e1
744.1966	3.108e1
744.8882	3.284e1
745.0035	3.289e1
745.0803	2.631e1
745.1700	2.009e1
745.8364	3.388e0
745.9005	2.016e1
746.0800	3.333e1
746.1826	5.802e0
747.0034	4.844e1
747.0674	2.724e1
747.1444	2.052e1
747.2985	3.990e0
747.9786	4.786e1
748.0942	2.383e1
748.9290	3.574e1
749.0445	4.538e1
749.1087	3.011e1
749.1858	1.976e1
749.9055	1.311e1
749.9825	6.696e1
750.1111	1.699e1
750.1883	4.615e0
750.8956	1.254e1
750.9855	2.892e1
751.0627	5.320e1
751.2043	4.865e0
751.9893	3.174e1
752.0793	3.665e1
752.1823	1.561e1
752.2466	3.972e0
752.9163	3.380e1
753.0194	1.320e1
753.1095	1.097e1
753.1997	4.139e1
753.8826	1.349e1
753.9599	1.156e1
754.0372	3.548e1
754.1017	3.467e1
754.1920	6.456e1
754.8753	9.886e0
754.9656	2.996e1
755.1462	9.261e1
755.2881	1.444e1
755.8817	1.369e1
755.9462	2.228e1
756.0752	4.235e1
756.1398	2.273e1
756.2302	2.505e1
756.9402	3.100e1
757.0307	1.832e1
757.0953	3.624e1
757.1857	3.796e1
757.8963	8.200e0
758.0385	2.806e1
758.1160	2.865e1
758.9175	1.451e1
758.9822	3.025e1
759.1115	1.644e1
759.2150	1.105e1
759.8878	2.254e1
760.0042	9.477e0
760.1208	3.004e1
760.2114	7.475e0
760.9233	2.012e1
761.0787	2.245e1
761.1435	2.936e1
761.8560	5.018e0
761.9597	1.046e1
762.0632	5.459e1
762.1541	1.910e1
762.9706	5.953e1
763.0615	3.236e1
763.1782	3.071e1
763.8917	1.912e1
764.0344	3.203e1
764.1122	1.745e1
764.9560	3.493e1
765.0338	1.304e1
765.1378	3.859e1
766.1380	3.086e1
766.9048	1.265e1
766.9828	2.331e1
767.0607	2.999e1
767.1518	1.047e1
767.8802	2.305e1
768.0103	4.489e1
768.1273	3.525e1
768.2054	2.453e1
769.0645	1.031e2
769.9370	2.085e1
770.0022	3.018e1
770.0803	3.024e1
770.2236	3.436e1
770.8231	8.175e0
770.9534	3.813e1
771.1099	1.701e1
771.1750	2.651e1
771.2532	8.115e0
771.3315	6.010e0
771.9966	2.867e1
772.0618	1.972e1
772.1270	1.050e1
772.8448	1.453e1
772.9883	4.532e1
773.0535	9.938e0
773.1841	3.800e1
773.3146	9.318e0
773.9675	3.292e1
774.0982	1.498e1
774.9605	1.598e1
775.0521	4.373e1
775.2089	1.519e1
775.9411	6.420e0
776.0065	8.197e0
776.0980	3.573e1
776.1765	3.692e1
776.9747	1.629e1
777.1317	3.959e1
777.2364	1.812e1
777.9826	4.248e1
778.1137	3.354e1
778.2578	1.640e1
778.9913	2.205e1
779.0700	2.305e1
779.1486	1.748e1
779.9089	2.276e1
779.9877	4.948e1
780.1712	1.682e1
781.0107	4.015e1
781.1288	1.830e1
781.2076	8.282e0
781.4438	4.117e0
782.0083	3.647e1
782.1265	2.283e1
782.2053	3.113e0
782.9014	6.865e0
782.9803	3.300e1
783.0722	5.114e1
783.9396	1.070e1
784.0054	1.175e1
784.1105	1.623e1
784.1894	1.624e1
784.9786	3.037e1
785.1232	1.678e1
785.2022	1.909e1
785.8997	1.066e1
786.0576	4.333e1
786.2025	8.174e0
787.0453	3.794e1
787.1375	3.516e1
787.8886	1.238e1
787.9546	1.928e1
788.1786	2.851e1
788.9961	1.505e1
789.1281	4.160e1
789.2204	1.067e1
789.9065	1.617e1
789.9857	7.295e0
790.0648	1.537e1
790.1440	3.062e1
790.9494	9.660e0
791.0815	3.265e1
791.1475	5.150e1
791.9666	1.365e1
792.0988	6.907e1
792.2838	1.042e1
792.8918	1.274e1
793.0638	2.823e1
793.1299	3.574e1
793.2754	1.297e1
794.1353	4.679e1
794.3073	9.671e0
795.0620	4.324e1
795.1414	7.602e0
795.2208	1.228e1
795.9758	1.339e1
796.0420	2.869e0
796.1215	2.892e1
796.2143	9.374e0
796.2938	1.489e1
796.9432	8.985e0
797.0095	7.177e0
797.1155	1.874e1
797.2880	1.371e1
797.9245	1.167e1
798.0307	1.889e1
798.0970	1.020e1
798.1898	1.362e1
798.9197	7.249e0
798.9994	1.434e1
799.0923	9.970e0
799.1719	1.072e1
799.2383	1.400e1
